$ 1 5.0E-6 10.20027730826997 50 5.0 50
L 224 80 208 80 0 1 false 5.0 0.0
L 224 112 208 112 0 1 false 5.0 0.0
L 192 192 176 192 0 1 false 5.0 0.0
L 192 224 144 224 0 1 false 5.0 0.0
L 208 288 192 288 0 1 false 5.0 0.0
L 208 320 192 320 0 1 false 5.0 0.0
L 224 384 192 384 0 0 false 5.0 0.0
w 320 96 352 96 0
w 288 304 400 304 0
w 400 304 400 224 0
w 352 208 352 128 0
152 560 304 464 304 0 2 5.0
150 464 368 560 368 0 2 0.0
w 592 368 592 320 0
w 560 320 592 320 0
w 560 208 512 208 0
150 528 512 432 512 0 2 0.0
152 448 448 528 448 0 2 0.0
w 560 368 592 368 0
w 592 368 592 528 0
w 592 528 528 528 0
w 432 464 432 512 0
w 400 304 400 432 0
x 609 403 771 409 0 24 system armed
x 33 394 182 400 0 24 Arm Request
x 101 99 181 105 0 24 zone 1
x 51 203 131 209 0 24 zone 2
x 52 309 132 315 0 24 zone 3
L 192 208 160 208 0 1 false 5.0 0.0
150 512 672 432 672 0 2 0.0
w 464 304 464 352 0
w 528 448 528 496 0
w 432 464 448 464 0
x 362 550 516 554 0 16 zone 3 breach latch
w 352 208 352 592 0
w 288 208 352 208 0
w 464 384 224 384 0
x 334 706 488 710 0 16 zone 2 breach latch
w 352 592 384 592 0
152 432 608 544 608 0 2 0.0
w 592 528 592 608 0
w 432 624 432 672 0
w 544 608 544 656 0
w 592 608 592 688 0
w 592 688 512 688 0
x 61 650 215 654 0 16 zone 1 breach latch
w 512 656 544 656 0
w 592 688 592 720 0
w 592 720 272 720 0
w 272 720 272 640 0
150 272 624 160 624 0 2 0.0
w 160 624 160 576 0
152 160 560 272 560 0 2 0.0
w 272 560 272 608 0
w 304 96 320 96 0
w 320 96 320 512 0
w 320 512 160 512 0
w 160 512 160 544 0
w 592 320 592 240 0
w 560 208 560 144 0
x 794 120 981 126 0 24 all zones secure
150 672 304 768 304 0 2 0.0
w 560 144 560 80 0
w 560 80 768 80 0
w 768 80 768 224 0
x 796 280 1008 286 0 24 intrusion detected
152 768 240 672 240 0 2 0.0
w 672 240 672 288 0
w 768 304 768 256 0
w 592 320 672 320 0
x 260 56 390 60 0 16 zone 1 breached
x 198 173 328 177 0 16 zone 2 breached
x 281 291 411 295 0 16 zone 3 breached
x 394 164 541 168 0 16 any zone breached
151 224 96 304 96 0 2 0.0
151 192 208 288 208 0 3 0.0
151 208 304 288 304 0 2 0.0
w 384 592 432 592 0
w 400 432 448 432 0
152 352 112 432 112 0 2 0.0
152 432 208 512 208 0 2 0.0
w 400 224 432 224 0
w 432 112 432 192 0
I 560 208 560 288 0 0.5
w 560 144 592 144 0
w 592 240 592 192 0
152 592 160 688 160 0 2 0.0
w 592 192 592 176 0
162 848 160 800 160 1 2.1024259 0.0 1.0 0.0
w 800 160 688 160 0
R 848 160 848 128 0 0 40.0 5.0 0.0 0.0 0.5
162 768 304 832 304 1 2.1024259 1.0 1.0 0.0
g 832 304 864 304 0
w 160 624 160 768 0
w 432 672 432 768 0
w 432 512 432 560 0
w 432 560 640 560 0
w 640 560 640 768 0
162 160 768 224 768 1 2.1024259 1.0 0.0 0.0
162 432 768 480 768 1 2.1024259 1.0 0.0 0.0
162 640 768 704 768 1 2.1024259 1.0 0.0 0.0
g 224 768 256 768 0
g 480 768 496 768 0
g 704 768 752 768 0
x 183 749 349 755 0 24 zone 1 breach
x 444 749 610 755 0 24 Zone 2 Breach
x 655 747 821 753 0 24 Zone 3 Breach
162 592 368 672 368 1 2.1024259 1.0 0.0 0.0
g 672 368 704 368 0
x 625 344 815 348 0 16 Intrusion detected Latch
x 419 408 578 412 0 16 System Armed Latch
