$ 1 0.000005 10.20027730826997 50 5 50
L -96 64 -128 64 0 1 false 5 0
L -96 32 -128 32 0 1 false 5 0
L 0 -16 -128 -16 0 1 false 5 0
L 0 -48 -128 -48 0 1 false 5 0
x 965 535 1012 538 4 20 Z1_B
x 1047 -96 1178 -93 4 20 System\sArmed
L -16 192 -128 192 0 1 false 5 0
L -16 128 -128 128 0 1 false 5 0
L 80 -96 -128 -96 0 1 false 5 0
x -140 -120 -24 -117 4 20 Arm\sRequest
150 0 -32 80 -32 0 2 0 5
150 -96 48 -16 48 0 2 0 5
150 -16 112 112 112 0 2 0 5
w -16 48 -16 96 0
L -16 224 -128 224 0 1 false 5 0
150 -16 208 96 208 0 2 0 5
150 224 144 336 144 0 2 0 5
150 128 160 224 160 0 2 0 5
w 80 -32 160 -32 0
w 160 -32 192 -32 0
w 224 128 224 432 0
w 96 752 96 208 0
w 128 144 128 112 0
w 128 112 112 112 0
w 192 -32 192 128 0
w 192 128 224 128 0
w 112 112 112 624 0
w 704 96 704 -128 0
g 1104 -128 1136 -128 0
162 1024 -128 1104 -128 2 default-led 1 0 0 0.01
w 416 -128 704 -128 0
w 416 -80 416 -128 0
w 224 32 688 32 0
w 224 -64 224 32 0
w 80 -96 224 -96 0
150 224 -80 320 -80 0 2 0 5
w 352 -32 448 -32 0
w 352 144 352 -32 0
w 352 144 336 144 0
w 96 208 96 176 0
w 96 176 128 176 0
x 509 347 640 350 4 20 System\sArmed
w 640 384 640 448 0
151 752 464 832 464 0 2 0 5
151 832 448 928 448 0 2 0 5
w 928 448 928 528 0
w 752 528 752 480 0
162 928 448 976 448 2 default-led 1 0 0 0.01
g 976 448 976 480 0
w 752 528 928 528 0
w 640 448 752 448 0
w 752 720 928 720 0
g 976 640 976 672 0
162 928 640 976 640 2 default-led 1 0 0 0.01
w 752 720 752 672 0
w 928 640 928 720 0
151 832 640 928 640 0 2 0 5
151 752 656 832 656 0 2 0 5
x 958 719 1005 722 4 20 Z2_B
w 640 448 640 640 0
w 640 640 752 640 0
w 640 816 736 816 0
w 816 800 816 752 0
w 736 896 912 896 0
g 960 816 960 848 0
162 912 816 960 816 2 default-led 1 0 0 0.01
w 736 896 736 848 0
w 912 816 912 896 0
151 816 816 912 816 0 2 0 5
151 736 832 816 832 0 2 0 5
x 941 897 988 900 4 20 Z3_B
w 96 752 816 752 0
w 640 816 640 640 0
x -182 458 16 461 4 24 7\sAND\sgates\s2\sICs
x -190 510 39 513 4 24 14\sNAND\sgates\s4\sICs
w 352 144 848 144 0
x 1044 345 1195 348 4 20 Intruder\sdetected
151 768 336 848 336 0 2 0 5
151 848 320 944 320 0 2 0 5
w 944 320 944 400 0
w 768 400 768 352 0
162 1104 304 1040 304 2 default-led 1 1 0 0.01
w 768 400 944 400 0
w 768 320 640 320 0
w 640 320 640 384 0
w 640 192 944 192 0
w 640 192 640 320 0
151 944 304 1040 304 0 2 0 5
151 1072 160 1152 160 0 2 0 5
w 416 -80 464 -80 0
w 448 -32 448 0 0
w 464 -112 464 -80 0
151 592 -64 688 -64 0 2 0 5
151 448 -16 528 -16 0 2 0 5
151 464 -96 528 -96 0 2 0 5
w 528 -96 528 -80 0
w 528 -48 528 -16 0
w 688 32 688 -64 0
w 320 -80 416 -80 0
w 832 432 224 432 0
w 832 624 112 624 0
R 1104 304 1104 272 0 0 40 5 0 0 0.5
162 1200 160 1152 160 2 default-led 0 1 0 0.01
R 1200 160 1200 144 0 0 40 5 0 0 0.5
151 960 176 1024 176 0 2 0 5
w 960 160 960 192 0
w 944 192 960 192 0
w 1072 144 848 144 0
x 1049 97 1222 100 4 24 all\szones\ssecure
w 704 -128 1024 -128 0
w 352 144 352 304 0
w 352 304 848 304 0
w 768 320 768 288 0
w 768 288 944 288 0
x -137 781 191 784 4 24 U1:74HC08\sQuad\s2-input\sAND
x -138 817 190 820 4 24 U2:74HC08\sQuad\s2-input\sAND
x -138 854 207 857 4 24 U3:74HC00\sQuad\s2-input\sNAND
x -142 885 203 888 4 24 U4:74HC00\sQuad\s2-input\sNAND
x -139 916 206 919 4 24 U5:74HC00\sQuad\s2-input\sNAND
x -141 943 204 946 4 24 U6:74HC00\sQuad\s2-input\sNAND
x -2 -24 8 -21 4 18 1
x -11 -57 -1 -54 4 18 2
x 96 -131 146 -128 4 24 hello
x 14 15 56 18 4 20 U1:1
x 71 -40 81 -37 4 18 3
x -80 102 -38 105 4 20 U1:2
x -108 59 -98 62 4 18 4
x -105 25 -95 28 4 18 5
x -9 48 1 51 4 18 6
x 153 219 195 222 4 20 U2:4
x -15 219 5 222 4 18 12
x 72 199 90 202 4 18 11
x -87 295 -77 298 4 18 3
x 23 161 65 164 4 20 U1:3
x -1 85 19 88 4 18 10
x 86 101 96 104 4 18 8
x -1 120 9 123 4 18 9
x -13 184 7 187 4 18 13
x 782 838 800 841 4 18 11
x 753 849 773 852 4 18 12
x 21 258 63 261 4 20 U1:4
x -165 601 -36 604 4 24 Zone\s1\sBlue
x -175 635 -27 638 4 24 Zone\s2\sGreen
x -177 670 -29 673 4 24 Zone\s3\syellow
x 127 134 147 137 4 18 12
x 204 153 222 156 4 18 11
x 120 167 140 170 4 18 13
x 258 200 300 203 4 20 U2:1
x 237 120 247 123 4 18 2
x 236 154 246 157 4 18 1
x 312 137 322 140 4 18 3
x 252 -26 294 -23 4 20 U2:3
x 224 -70 234 -67 4 18 9
x 220 -100 240 -97 4 18 10
x 305 -88 315 -85 4 18 8
x 506 22 548 25 4 20 U3:1
x 969 229 1011 232 4 20 U3:2
x 435 -14 445 -11 4 18 2
x 433 9 443 12 4 18 1
x 534 -12 544 -9 4 18 3
x 467 -49 509 -46 4 20 U3:4
x 437 -88 457 -85 4 18 13
x 524 -105 542 -102 4 18 11
x 435 -110 455 -107 4 18 12
x 610 -12 652 -9 4 20 U3:3
w 528 -80 592 -80 0
w 528 -48 592 -48 0
w 704 96 640 96 0
w 640 96 640 192 0
x 676 -73 686 -70 4 18 8
x 591 -90 611 -87 4 18 10
x 591 -54 601 -51 4 18 9
x 1098 212 1140 215 4 20 U4:3
x 942 186 952 189 4 18 5
x 943 164 953 167 4 18 4
x 1025 170 1035 173 4 18 6
w 1024 176 1072 176 0
x 1062 170 1072 173 4 18 9
x 1064 130 1084 133 4 18 10
x 1144 135 1154 138 4 18 8
x 783 384 825 387 4 20 U4:2
x 871 375 913 378 4 20 U4:1
x 971 358 1013 361 4 20 U4:4
x 757 335 765 338 4 16 5
x 752 353 762 356 4 18 4
x 841 358 849 361 4 16 6
x 910 325 920 328 4 18 3
x 873 336 883 339 4 18 2
x 869 311 879 314 4 18 1
x 416 292 593 295 4 20 No\sZones\sBreached
x 1001 308 1019 311 4 18 11
x 971 322 991 325 4 18 12
x 972 294 992 297 4 18 13
x 481 419 598 422 4 24 Z1_Breach
x 495 615 612 618 4 24 Z2_Breach
x 486 741 603 744 4 24 Z2_Breach
x 863 509 905 512 4 20 U5:3
x 770 517 812 520 4 20 U5:4
x 766 456 786 459 4 18 13
x 797 468 815 471 4 18 11
x 772 481 792 484 4 18 12
x 859 439 869 442 4 18 9
x 921 438 931 441 4 18 8
x 862 463 882 466 4 18 10
x 892 645 902 648 4 18 6
x 858 658 868 661 4 18 4
x 857 633 867 636 4 18 5
x 801 661 811 664 4 18 3
x 771 643 781 646 4 18 1
x 772 673 782 676 4 18 2
x 773 707 815 710 4 20 U5:1
x 864 692 906 695 4 20 U5:2
x 761 886 803 889 4 20 U6:4
x 841 874 883 877 4 20 U6:3
x 843 808 853 811 4 18 9
x 876 817 886 820 4 18 8
x 844 836 864 839 4 18 10
x 754 821 774 824 4 18 13
