$ 1 0.000005 10.20027730826997 50 5 50
L 224 80 208 80 0 1 false 5 0
L 224 112 208 112 0 1 false 5 0
L 192 192 176 192 0 1 false 5 0
L 192 224 144 224 0 1 false 5 0
L 208 288 192 288 0 1 false 5 0
L 208 320 192 320 0 1 false 5 0
L 224 384 192 384 0 0 false 5 0
w 320 96 352 96 0
w 288 304 400 304 0
w 400 304 400 224 0
w 352 208 352 128 0
152 560 304 464 304 0 2 5 5
150 464 368 560 368 0 2 0 5
w 592 368 592 320 0
w 560 320 592 320 0
w 560 208 512 208 0
150 528 512 432 512 0 2 0 5
152 448 448 528 448 0 2 0 5
w 560 368 592 368 0
w 592 368 592 528 0
w 592 528 528 528 0
w 432 464 432 512 0
w 400 304 400 432 0
x 609 403 759 406 4 24 system\sarmed
x 33 394 173 397 4 24 Arm\sRequest
x 101 99 173 102 4 24 zone\s1
x 51 203 123 206 4 24 zone\s2
x 52 309 124 312 4 24 zone\s3
L 192 208 160 208 0 1 false 5 0
150 512 672 432 672 0 2 0 5
w 464 304 464 352 0
w 528 448 528 496 0
w 432 464 448 464 0
x 362 550 501 553 4 16 zone\s3\sbreach\slatch
w 352 208 352 592 0
w 288 208 352 208 0
w 464 384 224 384 0
x 334 706 473 709 4 16 zone\s2\sbreach\slatch
w 352 592 384 592 0
152 432 608 544 608 0 2 0 5
w 592 528 592 608 0
w 432 624 432 672 0
w 544 608 544 656 0
w 592 608 592 688 0
w 592 688 512 688 0
x 61 650 200 653 4 16 zone\s1\sbreach\slatch
w 512 656 544 656 0
w 592 688 592 720 0
w 592 720 272 720 0
w 272 720 272 640 0
150 272 624 160 624 0 2 0 5
w 160 624 160 576 0
152 160 560 272 560 0 2 0 5
w 272 560 272 608 0
w 304 96 320 96 0
w 320 96 320 512 0
w 320 512 160 512 0
w 160 512 160 544 0
w 592 320 592 240 0
w 560 208 560 144 0
x 794 91 967 94 4 24 all\szones\ssecure
150 672 304 768 304 0 2 0 5
w 560 144 560 80 0
w 560 80 768 80 0
w 768 80 768 224 0
x 796 280 985 283 4 24 intrusion\sdetected
152 768 240 672 240 0 2 0 5
w 672 240 672 288 0
w 768 304 768 256 0
w 592 320 672 320 0
x 260 56 379 59 4 16 zone\s1\sbreached
x 198 173 317 176 4 16 zone\s2\sbreached
x 281 291 400 294 4 16 zone\s3\sbreached
x 394 164 530 167 4 16 any\szone\sbreached
151 224 96 304 96 0 2 0 5
151 192 208 288 208 0 3 0 5
151 208 304 288 304 0 2 0 5
w 384 592 432 592 0
w 400 432 448 432 0
152 352 112 432 112 0 2 0 5
152 432 208 512 208 0 2 0 5
w 400 224 432 224 0
w 432 112 432 192 0
I 560 208 560 288 0 0.5 5
w 560 144 592 144 0
w 592 240 592 192 0
152 592 160 688 160 0 2 0 5
w 592 192 592 176 0
162 848 160 800 160 3 old-default-led 0 1 0 0.01
w 800 160 688 160 0
R 896 160 896 128 0 0 40 5 0 0 0.5
162 768 304 832 304 3 old-default-led 1 1 0 0.01
g 896 304 944 304 0
w 160 624 160 768 0
w 432 672 432 768 0
w 432 512 432 560 0
w 432 560 640 560 0
w 640 560 640 768 0
162 160 768 224 768 3 old-default-led 1 0 0 0.01
162 432 768 480 768 3 old-default-led 1 0 0 0.01
162 640 768 704 768 3 old-default-led 1 0 0 0.01
g 288 768 304 768 0
g 528 768 544 768 0
g 752 768 784 768 0
x 183 749 335 752 4 24 zone\s1\sbreach
x 444 749 601 752 4 24 Zone\s2\sBreach
x 655 747 812 750 4 24 Zone\s3\sBreach
162 592 368 672 368 3 old-default-led 1 0 0 0.01
g 720 368 752 368 0
x 625 344 795 347 4 16 Intrusion\sdetected\sLatch
x 419 408 567 411 4 16 System\sArmed\sLatch
r 848 160 896 160 0 1000
r 832 304 896 304 0 1000
r 704 768 752 768 0 1000
r 480 768 528 768 0 1000
r 224 768 288 768 0 1000
r 672 368 720 368 0 1000
