$ 1 0.000005 10.20027730826997 50 5 50
L 96 192 80 192 0 1 false 5 0
L 96 224 80 224 0 1 false 5 0
L 64 304 48 304 0 1 false 5 0
L 64 336 16 336 0 1 false 5 0
L 80 400 64 400 0 1 false 5 0
L 80 432 64 432 0 1 false 5 0
L 112 32 80 32 0 0 false 5 0
w 240 208 272 208 0
w 272 208 272 304 0
w 160 416 176 416 0
w 208 320 272 320 0
150 752 400 656 400 0 2 0 5
w 400 320 352 320 0
150 288 880 192 880 0 2 0 5
152 208 816 288 816 0 2 0 5
w 368 896 288 896 0
w 192 832 192 880 0
x 704 70 861 73 4 24 System\sArmed
x -62 38 66 41 4 24 arm\srequest
x 12 215 60 218 4 16 zone\s1
x -44 326 4 329 4 16 zone\s2
x -3 425 40 428 4 16 zone3
L 64 320 32 320 0 1 false 5 0
150 288 720 208 720 0 2 0 5
w 288 816 288 864 0
w 192 832 208 832 0
x 36 864 175 867 4 16 zone\s3\sbreach\slatch
w 160 320 208 320 0
w 288 32 112 32 0
x 27 686 166 689 4 16 zone\s2\sbreach\slatch
152 208 656 320 656 0 2 0 5
w 208 672 208 720 0
w 320 656 320 704 0
w 368 736 288 736 0
x 35 526 174 529 4 16 zone\s1\sbreach\slatch
w 288 704 320 704 0
150 352 544 240 544 0 2 0 5
w 240 544 240 496 0
152 240 480 352 480 0 2 0 5
w 352 480 352 528 0
w 176 208 192 208 0
w 240 208 240 464 0
x 459 287 574 290 6 16 all\szones\ssecure
x 783 434 973 437 4 24 Intrusion\sdetected
152 656 336 752 336 0 2 0 5
x 177 198 277 201 6 16 zone\s1\ssecure
x 150 312 250 315 6 16 zone\s2\ssecure
x 153 403 253 406 6 16 zone\s3\ssecure
x 289 280 404 283 4 16 all\szones\ssecure
151 96 208 176 208 0 3 0 5
151 64 320 160 320 0 3 0 5
151 80 416 160 416 0 3 0 5
w 176 800 208 800 0
153 272 320 352 320 0 3 0 5
152 624 176 704 176 0 2 0 5
w 704 176 736 176 0
162 800 176 736 176 2 default-led 0 1 0 0.01
R 800 176 832 176 0 0 40 5 0 0 0.5
x 699 148 881 151 4 24 All\sZones\sSecure
162 768 464 816 464 2 default-led 1 1 0 0.01
g 816 464 848 464 0
w 384 96 448 96 0
162 720 96 800 96 2 default-led 1 0 0 0.01
g 800 96 832 96 0
w 192 880 192 928 0
w 208 720 208 768 0
162 704 928 752 928 2 default-led 1 0 0 0.01
162 720 768 752 768 2 default-led 1 0 0 0.01
g 752 768 768 768 0
g 752 928 768 928 0
w 208 768 720 768 0
w 240 608 720 608 0
162 720 608 768 608 2 default-led 1 0 0 0.01
g 768 608 800 608 0
x 736 592 893 595 4 24 Zone\s1\sBreach
x 713 751 870 754 4 24 Zone\s2\sBreach
x 704 903 858 906 4 24 Zone\s3\sbreach
x 479 394 643 397 4 16 intrusion\sdetected\slatch
w 656 464 768 464 0
153 480 320 576 320 0 3 0 5
w 400 208 400 320 0
x 156 84 279 87 4 16 arm\srequest\slatch
150 288 48 384 48 0 2 0 5
152 384 112 288 112 0 2 0 5
w 288 64 288 112 0
w 384 48 384 96 0
w 400 320 480 320 0
w 480 304 480 320 0
w 480 320 480 336 0
w 400 208 400 128 0
w 448 96 448 560 0
w 496 96 720 96 0
w 496 240 768 240 0
w 656 320 576 320 0
w 768 416 768 240 0
w 576 192 624 192 0
w 624 160 496 160 0
w 384 128 400 128 0
w 448 560 368 560 0
w 192 208 240 208 0
w 368 560 352 560 0
w 240 544 240 608 0
w 208 320 208 640 0
w 368 560 368 736 0
w 176 416 176 800 0
w 368 736 368 896 0
w 192 928 416 928 0
R 96 208 80 208 0 0 40 5 0 0 0.5
R 80 416 64 416 0 0 40 5 0 0 0.5
x 903 110 1107 113 4 20 3\s\s\s\s3-input\sNAND\s\s1\sIC
x 904 145 1096 148 4 20 2\s\s\s3-input\sNOR\s\s\s1\sIC
x 904 181 1104 184 4 20 5\s\s\s2-input\sAND\s\s\s2\sICs
x 905 217 1092 220 4 20 6\s\s\s2-input\sOR\s\s\s2\sICs
w 416 928 704 928 0
w 272 416 272 336 0
w 176 416 272 416 0
w 448 96 496 96 0
w 496 96 496 160 0
w 496 160 496 240 0
w 656 400 656 464 0
w 576 320 576 192 0
w 752 336 752 384 0
w 656 352 656 400 0
w 768 416 752 416 0
